# Image list with two lines of data per image:
# IMAGE_ID, QW, QX, QY, QZ, TX, TY, TZ, CAMERA_ID, NAME
# POINTS2D[] as (X, Y, POINT3D_ID)
1 0.5609855268 -0.4304593346 -0.4304593346 -0.5609855268 0.0000000000 0.0000000000 -5.0000000000 1 cam_000.png
0 0 -1
2 -0.3966766701 0.3043807145 0.5272028624 0.6870641469 -0.0000000000 -0.0000000000 -5.0000000000 1 cam_001.png
0 0 -1
3 -0.2053349540 0.1575590518 0.5880183863 0.7663204808 0.0000000000 0.0000000000 -5.0000000000 1 cam_002.png
0 0 -1
4 -0.0000000000 0.0000000000 0.6087614290 0.7933533403 -0.0000000000 0.0000000000 -5.0000000000 1 cam_003.png
0 0 -1
5 0.2053349540 -0.1575590518 0.5880183863 0.7663204808 0.0000000000 0.0000000000 -5.0000000000 1 cam_004.png
0 0 -1
6 0.3966766701 -0.3043807145 0.5272028624 0.6870641469 0.0000000000 -0.0000000000 -5.0000000000 1 cam_005.png
0 0 -1
7 0.5609855268 -0.4304593346 0.4304593346 0.5609855268 -0.0000000000 0.0000000000 -5.0000000000 1 cam_006.png
0 0 -1
8 0.6870641469 -0.5272028624 0.3043807145 0.3966766701 -0.0000000000 0.0000000000 -5.0000000000 1 cam_007.png
0 0 -1
9 0.7663204808 -0.5880183863 0.1575590518 0.2053349540 -0.0000000000 0.0000000000 -5.0000000000 1 cam_008.png
0 0 -1
10 0.7933533403 -0.6087614290 0.0000000000 0.0000000000 -0.0000000000 0.0000000000 -5.0000000000 1 cam_009.png
0 0 -1
11 0.7663204808 -0.5880183863 -0.1575590518 -0.2053349540 -0.0000000000 0.0000000000 -5.0000000000 1 cam_010.png
0 0 -1
12 0.6870641469 -0.5272028624 -0.3043807145 -0.3966766701 -0.0000000000 0.0000000000 -5.0000000000 1 cam_011.png
0 0 -1
